0 1
1 101
2 51
3 1
4 0
5 100
6 101
7 151
8 101
9 101
10 51
11 1
12 0
13 0
14 0
15 0
16 0
17 0
18 0
19 0
20 0
21 0
22 101
23 50
24 0
25 101
26 51
27 0
28 0
29 0
30 0
31 0
32 101
33 51
34 0
35 100
36 101
37 50
38 101
39 51
40 1
41 0
42 0
43 0
44 0
45 0
46 0
47 0
48 0
49 0
50 0
51 0
52 101
53 101
54 51
55 1
56 101
57 51
58 1
59 0
60 0
61 0
62 0
63 0
64 0
65 0
66 0
67 0
68 0
69 0
70 101
71 50
72 0
73 0
74 0
75 0
76 0
77 103
78 53
79 3
80 103
81 53
82 3
83 103
84 53
85 3
86 0
87 0
88 0
89 0
90 0
91 0
92 0
93 101
94 101
95 51
96 1
97 0
98 101
99 51
100 1
101 0
102 0
103 0
104 0
105 0
106 0
107 1
108 0
109 0
110 101
111 51
112 1
113 0
114 0
115 0
116 0
117 0
118 0
119 0
120 0
121 101
122 51
123 1
124 0
125 0
126 0
127 101
128 51
129 0
130 0
131 0
132 1
133 0
134 0
135 103
136 100
137 50
138 3
139 103
140 53
141 3
142 2
143 3
144 2
145 3
146 2
147 3
148 3
149 2
150 103
151 53
152 3
153 3
154 2
155 3
156 3
157 3
158 3
159 103
160 53
161 3
162 3
163 103
164 100
165 50
166 204
167 154
168 104
169 54
170 4
171 103
172 53
173 101
174 103
175 53
176 100
177 104
178 53
179 3
180 3
181 103
182 53
183 3
184 2
185 3
186 3
187 3
188 3
189 3
190 3
191 3
192 3
193 3
194 3
195 3
196 103
197 53
198 3
199 103
200 53
201 100
202 50
203 3
204 3
205 3
206 3
207 3
208 3
209 3
210 2
211 3
212 2
213 3
214 3
215 3
216 103
217 100
218 50
219 103
220 53
221 100
222 50
223 3
224 3
225 3
226 3
227 3
228 103
229 53
230 3
231 3
232 101
233 101
234 51
235 1
236 0
237 0
238 0
239 1
240 1
241 0
242 101
243 51
244 1
245 101
246 51
247 1
248 1
249 101
250 51
251 1
252 1
253 101
254 51
255 1
256 1
257 1
258 1
259 1
260 101
261 100
262 50
263 1
264 101
265 51
266 1
267 1
268 1
269 1
270 1
271 0
272 1
273 1
274 1
275 0
276 101
277 51
278 1
279 1
280 1
281 101
282 51
283 1
284 1
285 1
286 1
287 1
288 1
289 1
290 1
291 1
292 1
293 1
294 0
295 101
296 51
297 1
298 101
299 51
300 1
301 1
302 101
303 51
304 1
305 1
306 1
307 0
308 1
309 1
310 101
311 51
312 101
313 101
314 51
315 1
316 1
317 1
318 1
319 1
320 1
321 1
322 1
323 101
324 51
325 1
326 1
327 1
328 101
329 51
330 101
331 51
332 1
333 1
334 1
335 1
336 1
337 1
338 1
339 1
340 1
341 101
342 51
343 100
344 50
345 3
346 2
347 2
348 3
349 1
350 1
351 101
352 51
353 1
354 1
355 1
356 1
357 1
358 1
359 1
360 1
361 1
362 1
363 101
364 51
365 1
366 1
367 1
368 1
369 1
370 1
371 1
372 101
373 51
374 101
375 51
376 1
377 1
378 1
379 1
380 1
381 2
382 2
383 3
384 103
385 53
386 2
387 103
388 53
389 3
390 2
391 3
392 3
393 2
394 3
395 2
396 103
397 100
398 50
399 3
400 3
401 103
402 53
403 100
404 50
405 103
406 53
407 3
408 3
409 2
410 3
411 2
412 102
413 100
414 50
415 3
416 3
417 2
418 3
419 3
420 103
421 53
422 3
423 103
424 53
425 3
426 3
427 2
428 3
429 103
430 53
431 3
432 2
433 2
434 2
435 2
436 2
437 3
438 3
439 104
440 54
441 100
442 50
443 3
444 103
445 200
446 150
447 100
448 50
449 3
450 103
451 53
452 3
453 3
454 3
455 3
456 3
457 3
458 103
459 53
460 3
461 3
462 103
463 53
464 3
465 3
466 3
467 3
468 3
469 3
470 3
471 3
472 3
473 3
474 3
475 6
476 6
477 106
478 56
479 6
480 1
481 1
482 1
483 1
484 1
485 101
486 51
487 1
488 1
489 1
490 1
491 1
492 1
493 1
494 1
495 1
496 1
497 1
498 1
499 1
500 1
501 1
502 101
503 51
504 1
505 1
506 1
507 1
508 1
509 2
510 3
511 1
512 1
513 101
514 51
515 1
516 1
517 1
518 1
519 1
520 101
521 101
522 51
523 1
524 1
525 1
526 1
527 1
528 1
529 1
530 1
531 1
532 1
533 1
534 1
535 3
536 203
537 202
538 202
539 153
540 104
541 54
542 4
543 1
544 101
545 51
546 1
547 1
548 102
549 51
550 1
551 202
552 152
553 101
554 51
555 101
556 51
557 101
558 51
559 1
560 1
561 1
562 1
563 1
564 1
565 103
566 53
567 3
568 3
569 3
570 3
571 3
572 3
573 3
574 2
575 3
576 2
577 3
578 3
579 3
580 2
581 103
582 100
583 50
584 3
585 3
586 3
587 103
588 53
589 3
590 3
591 3
592 8
593 1
594 1
595 1
596 1
597 1
598 1
599 1
600 1
601 1
602 101
603 51
604 1
605 1
606 1
607 101
608 51
609 1
610 1
611 1
612 1
613 1
614 1
615 1
616 2
617 3
618 5
619 1
620 1
621 3
622 104
623 100
624 50
625 3
626 3
627 3
628 3
629 3
630 102
631 104
632 54
633 3
634 1
635 1
636 101
637 51
638 1
639 101
640 51
641 100
642 50
643 1
644 1
645 1
646 104
647 53
648 3
649 3
650 2
651 3
652 3
653 3
654 103
655 53
656 3
657 2
658 3
659 3
660 3
661 3
662 3
663 3
664 3
665 3
666 3
667 3
668 3
669 3
670 104
671 100
672 50
673 103
674 53
675 3
676 103
677 53
678 3
679 3
680 3
681 3
682 4
683 3
684 3
685 5
686 2
687 4
688 3
689 3
690 3
691 3
692 3
693 3
694 3
695 3
696 103
697 101
698 50
699 103
700 53
701 3
702 3
703 103
704 53
705 3
706 103
707 52
708 2
709 3
710 3
711 3
712 101
713 51
714 1
715 1
716 1
717 101
718 51
719 1
720 1
721 1
722 1
723 1
724 1
725 101
726 51
727 1
728 1
729 1
730 1
731 1
732 101
733 51
734 201
735 151
736 101
737 102
738 52
739 2
740 1
741 1
742 1
743 101
744 51
745 101
746 51
747 1
748 1
749 1
750 1
751 201
752 138
753 88
754 38
755 1
756 201
757 151
758 101
759 101
760 51
761 1
762 1
763 1
764 1
765 101
766 51
767 1
768 101
769 51
770 1
771 1
772 1
773 101
774 51
775 1
776 1
777 1
778 1
779 1
780 1
781 1
782 2
783 2
784 3
785 2
786 103
787 52
788 100
789 50
790 3
791 3
792 103
793 100
794 50
795 103
796 53
797 100
798 50
799 3
800 103
801 100
802 50
803 3
804 3
805 3
806 103
807 100
808 50
809 3
810 103
811 53
812 3
813 103
814 53
815 3
816 3
817 3
818 3
819 2
820 3
821 3
822 3
823 103
824 53
825 3
826 3
827 3
828 3
829 3
830 3
831 7
832 5
833 5
834 3
835 3
836 3
837 103
838 101
839 50
840 103
841 53
842 100
843 50
844 3
845 3
846 3
847 3
848 3
849 3
850 3
851 2
852 3
853 103
854 53
855 3
856 103
857 53
858 3
859 203
860 153
861 103
862 53
863 100
864 50
865 3
866 104
867 54
868 4
869 3
870 2
871 2
872 3
873 4
874 104
875 54
876 3
877 3
878 3
879 2
880 3
881 2
882 103
883 100
884 50
885 3
886 2
887 3
888 2
889 6
890 3
891 3
892 3
893 2
894 3
895 2
896 2
897 3
898 103
899 53
900 3
901 3
902 2
903 104
904 54
905 3
906 3
907 103
908 53
909 3
910 2
911 103
912 100
913 50
914 304
915 254
916 204
917 154
918 104
919 54
920 4
921 3
922 3
923 3
924 103
925 53
926 100
927 50
928 3
929 3
930 3
931 3
932 3
933 3
934 5
935 4
936 3
937 3
938 103
939 100
940 50
941 3
942 3
943 3
944 103
945 53
946 3
947 3
948 102
949 52
950 101
951 51
952 1
953 1
954 1
955 101
956 51
957 1
958 1
959 101
960 51
961 1
962 1
963 1
964 101
965 51
966 101
967 51
968 1
969 1
970 1
971 101
972 51
973 1
974 1
975 1
976 1
977 1
978 3
979 2
980 3
981 2
982 2
983 2
984 101
985 51
986 1
987 101
988 51
989 1
990 1
991 1
992 1
993 1
994 1
995 1
996 1
997 1
998 3
999 3
1000 3
1001 3
1002 3
1003 3
1004 3
1005 3
1006 3
1007 103
1008 53
1009 3
1010 3
1011 3
1012 3
1013 3
1014 3
1015 3
1016 3
1017 4
1018 3
1019 3
1020 3
1021 3
1022 2
1023 103
1024 53
1025 3
1026 103
1027 53
1028 100
1029 50
1030 1
1031 1
1032 1
1033 1
1034 1
1035 1
1036 1
1037 1
1038 101
1039 51
1040 1
1041 1
1042 1
1043 1
1044 1
1045 201
1046 151
1047 101
1048 51
1049 1
1050 101
1051 51
1052 1
1053 1
1054 101
1055 51
1056 1
1057 101
1058 51
1059 1
1060 1
1061 1
1062 1
1063 1
1064 1
1065 1
1066 1
1067 1
1068 1
1069 2
1070 1
1071 1
1072 1
1073 1
1074 1
1075 1
1076 1
1077 101
1078 51
1079 1
1080 1
1081 1
1082 1
1083 1
1084 1
1085 1
1086 1
1087 103
1088 53
1089 3
1090 2
1091 2
1092 3
1093 2
1094 2
1095 3
1096 2
1097 2
1098 2
1099 2
1100 3
1101 3
1102 3
1103 3
1104 3
1105 3
1106 3
1107 103
1108 53
1109 3
1110 3
1111 3
1112 3
1113 3
1114 3
1115 103
1116 53
1117 100
1118 50
1119 304
1120 254
1121 204
1122 154
1123 104
1124 100
1125 151
1126 101
1127 51
1128 104
1129 53
1130 3
1131 2
1132 3
1133 102
1134 51
1135 1
1136 1
1137 101
1138 51
1139 1
1140 1
1141 1
1142 101
1143 51
1144 1
1145 1
1146 1
1147 1
1148 1
1149 1
1150 1
1151 1
1152 1
1153 101
1154 51
1155 1
1156 1
1157 1
1158 1
1159 1
1160 1
1161 1
1162 1
1163 1
1164 1
1165 1
1166 101
1167 51
1168 1
1169 1
1170 101
1171 51
1172 1
1173 1
1174 1
1175 1
1176 1
1177 3
1178 2
1179 2
1180 2
1181 3
1182 2
1183 3
1184 2
1185 2
1186 3
1187 3
1188 3
1189 103
1190 100
1191 50
1192 1
1193 1
1194 1
1195 1
1196 101
1197 51
1198 1
1199 3
